2745676 1135487
4762784 8761604
-2809751 5585698
-5662594 6688848
8599367 -6482393
8918424 -5563956
-4059742 6413082
-6902716 -3280749
9301528 5868946
83826 3348134
-1067046 1999142
2816149 -6533324
-1051954 -9311702
-2166450 4224319
-9763622 3779633
3390440 2982053
-5084879 -1846775
1743657 2105369
-6261076 6081063
-1205783 -7661708
9598669 -2287358
-3225665 -4461072
-5874276 -128381
2258179 -6572748
-4259435 -7657995
6775386 4673519
4341146 -408465
8140194 -6710808
279833 -4026255
7513511 516210