-4510966 8425275 7345734
3169892 2170569 -5243707
9229192 -1670452 -7942993
6089792 -5134744 2656300
7167595 -482892 -4552192
9540892 -6355796 -8589272
-5531318 -9150920 -2413197
-8644128 8540806 3162384
-9702185 9297932 -7810742
7435107 -5384567 3369464
-9239010 104467 1794740
8106723 -6725640 -6034691
-7136984 -7496448 2294856
-5079977 8593343 7160111
7576322 5760938 -3322781
-6975870 5301831 321423
-5565142 9770512 1170502
2021660 -8873615 -288691
-4815956 -8575801 -990759
-2626698 8859305 3624674
-9257233 9620295 -6270858